DY
189
23
Life expectancy at birth 2019;Expected years of schooling 2019;Mean years of schooling 2019;Gross national income (GNI) per capita 2019;GNI per capita rank minus HDI rank 2019;Refugees by country of origin 1000s 2019;Internally displaced persons 1000s;Homeless people due to natural disaster avergae per million;Orphaned children 1000s 2019;Prison population per 100k 2013-18;Homicide rate per 100k 2013-18;Suicides per 100K Female 2016;Suicides per 100K Male 2016;HIV prevalence adult % 15-49;Healthy life expectancy at birth;Current health expenditure % GDP;Exports and imports % GDP;Foreign direct investment net inflows  % GDP;Net migration rate per 1000;Lost health expectancy;Physicians per 100k;Hospital beds;Pupil–teacher ratio primary school
Norway;82.4;18.07;12.9;66494.25;7;0.01;;;;79.8;0.47;6.5;13.6;0.1;70.84;10.45;72.15;0.44;5.27;14.56;29.16;35.3;8.59;1
Ireland;82.31;18.71;12.67;68370.59;4;0;;;34;82.2;0.87;4.2;17.6;0.2;70.35;7.18;239.22;-20.39;4.92;14.22;33.13;29.7;16.06;1
Switzerland;83.78;16.33;13.38;69393.52;3;0.01;;;;77.4;0.59;6.9;15.8;;72.02;12.35;119.44;-2.61;6.14;14.24;42.96;46.3;9.93;1
"Hong Kong China (SAR)";84.86;16.93;12.28;62984.77;7;0.01;;0;;111.7;0.65;;;;;;352.82;14.53;3.99;;;;13.35;1
Iceland;82.99;19.08;12.77;54682.38;14;0.01;;0;;40.4;0.89;4.7;21.7;0.1;72.32;8.33;85.92;-1.8;1.13;13.99;40.78;28.3;10.14;1
Germany;81.33;16.98;14.15;55314.35;11;0.07;;;;79.1;0.95;4.8;13.6;0.1;69.72;11.25;88.1;1.33;6.57;14.13;42.49;80;12.3;1
Sweden;82.8;19.48;12.55;54507.81;12;0.01;;;;61.3;1.08;7.4;15.8;;71.39;11.02;90.49;4.56;4.03;13.81;39.84;21.4;12.23;1
Australia;83.44;21.95;12.72;48084.84;15;0.02;;55.35;140;172.6;0.89;6;17.4;0.1;70.31;9.21;45.69;2.77;6.4;15.19;36.78;38.4;;1
Netherlands;82.28;18.49;12.41;57707.07;6;0.06;;;100;65.9;0.59;6.4;12.9;;70.62;10.1;154.32;3.09;0.94;13.61;36.05;31.7;11.81;1
Denmark;80.9;18.89;12.61;58661.87;2;0.01;;;;63.2;1.01;5.2;13.2;0.1;69.92;10.11;105;-1.86;2.65;13.82;40.1;26;10.74;1
Finland;81.91;19.4;12.82;48511.4;11;;;;;53.5;1.63;6.8;20.8;0.1;70.34;9.21;79.47;3.08;2.54;14.08;38.12;36.1;13.67;1
Singapore;83.62;16.44;11.62;88155.21;-8;0.04;;;17;207.8;0.16;4.9;11.1;0.2;74.48;4.44;319.15;28.35;4.72;12.22;22.94;24.9;14.69;1
United Kingdom;81.32;17.5;13.24;46070.64;13;0.06;;0;;137.08;1.2;3.5;11.9;;69.11;9.63;64.25;0.96;3.9;14.75;28.12;24.6;15.13;1
Belgium;81.63;19.77;12.05;52084.59;6;0.04;;;;87.7;1.69;9.4;22.2;;69.72;10.34;163.29;-5.39;4.2;14.36;30.71;55.8;11.28;1
New Zealand;82.29;18.84;12.78;40798.72;18;0.04;;6.22;33;206.2;0.74;6.2;17.3;0.1;69.59;9.17;55.94;1.91;3.15;14.91;35.9;25.7;14.92;1
Canada;82.43;16.16;13.37;48527.04;5;0.07;;17.95;;107.7;1.76;5.8;15.1;;70.45;10.57;64.98;2.58;6.56;14.27;26.1;25.2;;1
United States;78.86;16.31;13.41;63825.66;-7;0.31;;50.58;3310;662.5;4.96;6.4;21.1;;65.43;17.06;26.39;1.45;2.93;17.11;26.12;28.7;14.2;1
Austria;81.54;16.09;12.55;56196.9;-3;0.02;;;;103.1;0.97;5.7;17.5;;70.6;10.4;107.72;2.94;7.35;14.07;51.7;72.7;10.02;1
Israel;82.97;16.16;13.03;40186.85;14;0.46;;;;231.2;1.49;2.4;8.2;0.2;71.82;7.41;58.46;4.61;1.2;13.47;46.25;29.8;12.07;1
Japan;84.63;15.23;12.85;42931.7;9;0.04;;17.36;;39.8;0.26;8.1;20.5;0.1;73.84;10.94;36.82;0.73;0.56;12.92;24.12;129.8;15.66;1
Liechtenstein;80.67;14.9;12.54;131031.59;-18;0;;;;165.8;2.64;;;;;;;595.15;;;;;7.8;1
Slovenia;81.32;17.57;12.66;38079.53;15;0.02;;0;;67.2;0.48;4.5;22.4;0.1;70.38;8.19;159.74;2.57;0.96;13.54;30.86;44.3;13.8;1
Korea (Republic of);83.03;16.48;12.21;43043.71;4;0.18;;3.6;;105.9;0.6;11.6;29.6;;72.33;7.6;76.71;0.64;0.23;12.77;23.61;124.3;16.29;1
Luxembourg;82.25;14.26;12.31;72711.67;-19;0;;;;107.6;0.34;5.8;15;0.3;70.99;5.48;381.52;-7.92;16.33;14.38;30.09;42.6;8.3;1
Spain;83.57;17.62;10.25;40974.52;6;0.05;;29.14;250;126.1;0.62;3.1;9.3;0.3;71.6;8.87;66.92;1.33;0.86;13.83;38.72;29.7;13.13;1
France;82.66;15.64;11.48;47172.54;-1;0.05;;0;550;106.4;1.2;6.5;17.9;0.3;71.5;11.31;64.52;2.47;0.56;13.71;32.67;59.1;18.18;1
Czechia;79.38;16.79;12.72;38108.57;9;1.17;;0;;202.3;0.62;4.2;17.2;0.1;68.6;7.23;144.88;3.79;2.07;13.66;41.21;66.2;18.93;1
Malta;82.53;16.1;11.33;39554.52;6;0;;;;141;1.59;2.8;10.3;;71.07;9.34;261.01;30.27;2.06;13.94;28.6;44.9;12.94;1
Estonia;78.75;15.99;13.14;36019.27;9;0.27;;;;195.3;2.12;4.4;25.6;0.9;68.13;6.43;141.15;9.23;2.96;12.71;44.83;45.7;11.31;1
Italy;83.51;16.09;10.38;42776.36;0;0.08;;114.43;290;100.8;0.57;2.6;8.4;0.3;71.24;8.84;60.14;1.46;2.46;14.27;39.77;31.4;11.48;1
United Arab Emirates;77.97;14.34;12.11;67462.1;-24;0.16;;;;106.6;0.46;0.8;3.5;;64.38;3.33;160.94;2.46;4.18;12.88;25.28;13.8;24.52;1
Greece;82.24;17.91;10.55;30154.63;14;0.1;;2.76;;101.3;0.94;1.5;6.1;;69.91;8.04;74.38;2.2;-1.52;13.62;54.79;42;9.38;1
Cyprus;80.98;15.17;12.17;38206.84;2;0;228;0;;52.1;1.26;1.9;7.2;;69.9;6.68;142.64;97.05;4.22;13.5;19.51;34;12.04;1
Lithuania;75.93;16.64;13.08;35798.67;5;0.07;;;44;231.5;4.57;6.7;47.5;;66.56;6.46;150.58;2.5;-11.6;12.69;63.53;64.3;13.52;1
Poland;78.73;16.3;12.47;31622.55;8;0.97;;0;;192;0.73;3.4;23.9;;68.12;6.54;106.24;2.54;-0.78;12.78;23.79;65.4;10.18;1
Andorra;81.91;13.3;10.5;56000.3;-20;0;;;;63.6;0;;;;70.88;10.32;;;;13.77;33.33;;10.5;1
Latvia;75.29;16.17;13.03;30282.39;8;0.15;;;29;182.7;4.36;5.1;31;0.4;66.32;5.96;119.73;2.64;-7.64;12.58;31.91;54.9;11.54;1
Portugal;82.05;16.54;9.26;33966.83;2;0.02;;27.98;;127;0.79;3.8;14.3;0.5;70.21;8.97;87.64;3.48;-0.58;14.08;51.24;34.5;12.35;1
Slovakia;77.54;14.49;12.69;32113.05;3;1.35;;0;;188.8;1.14;2.6;18.4;0.1;67.61;6.74;185.25;2.19;0.27;12.84;34.16;57;15.54;1
Hungary;76.88;15.2;11.96;31328.81;4;4;;0;;174.6;2.49;6.2;22.2;0.1;66.79;6.88;162.98;3.78;0.62;12.82;34.08;70.1;10.77;1
Saudi Arabia;75.13;16.14;10.23;47495.43;-16;1.77;;29.61;;205.6;1.27;1.7;4.6;;64.48;5.23;62.16;0.58;4.06;13.48;26.12;22.4;13.81;1
Bahrain;77.29;16.25;9.52;42521.7;-12;0.56;;;;233.3;0.52;2.1;7.9;;66.59;4.75;151.4;0.3;31.11;13.56;9.26;17.4;11.92;1
Chile;80.18;16.45;10.58;23261.3;16;0.49;;4263.98;170;245.5;4.4;3.8;16;0.5;69.23;8.98;56.76;2.04;6.02;13.64;25.91;20.6;17.79;1
Croatia;78.49;15.23;11.45;28069.85;6;23.8;;0.45;37;77.4;0.58;5.1;18.8;0.1;68.21;6.79;102.85;1.94;-1.92;13.28;30;55.4;13.51;1
Qatar;80.23;12.04;9.73;92418.23;-43;0.04;;;;46.8;0.37;1.1;7.3;;66.27;2.61;86.55;-1.53;14.69;13.13;24.85;12.5;12.17;1
Argentina;76.67;17.65;10.94;21190.18;16;0.11;;4.26;620;194.1;5.32;3.5;15;0.4;66.79;9.12;32.39;1.39;0.11;12.78;39.9;49.9;17.23;1
Brunei Darussalam;75.86;14.31;9.14;63965.09;-38;0.01;;;;136.1;0.49;2.8;6.2;;65.26;2.37;108.51;2.77;0;12.23;16.09;28.5;9.9;1
Montenegro;76.88;15;11.59;21399.25;13;0.66;;;6.6;179.1;2.23;3.6;12.6;0.1;66.49;;109.45;8.27;-0.77;12.35;27.56;38.6;;1
Romania;76.05;14.26;11.07;29497.23;-1;1.35;;0;220;106.6;1.28;2.4;13.9;0.1;66.36;5.16;84.56;2.76;-3.78;12.13;29.81;68.9;19.33;1
Palau;73.93;15.8;12.49;19316.97;15;0;;6378.53;;422.2;11.17;;;;59.2;11.96;123.3;7.57;;12.29;14.21;;;1
Kazakhstan;73.6;15.61;11.89;22857.46;9;2.77;;46.06;450;201;5.06;7.7;40.1;0.2;63.16;3.13;64.43;1.99;-0.99;12.2;39.8;60.6;17.21;1
Russian Federation;72.58;15.03;12.17;26157.05;2;62.35;1.8;4.37;;386.4;8.21;7.5;48.3;;63.74;5.34;49.07;1.87;1.25;12.64;40.14;71.2;21.26;1
Belarus;74.79;15.4;12.31;18546.49;14;3.43;;0;150;344.4;2.39;6.2;39.3;0.5;65.06;5.93;133.35;2.02;0.92;12.1;51.91;108.3;19.23;1
Turkey;77.69;16.6;8.11;27700.89;-4;83.27;1099;39.73;;321.6;2.59;3.2;11.3;;67.81;4.22;61.39;1.12;3.49;13.5;18.49;28.5;16.98;1
Uruguay;77.91;16.84;8.93;20063.64;9;0.02;;0;;297;12.06;7.1;26.8;0.6;67.45;9.3;41.03;1.34;-0.87;13;50.79;24.3;11.02;1
Bulgaria;75.05;14.41;11.36;23324.66;2;0.57;;15.82;80;94.3;1.3;3.2;13.1;0.1;64.58;8.1;123.72;2.21;-0.68;11.95;40.33;74.5;15.21;1
Panama;78.51;12.91;10.24;29557.67;-10;0.05;;0;;396.5;9.39;1.2;7.6;0.9;69.24;7.32;89.39;9.08;2.7;13.48;15.69;22.5;21.96;1
Bahamas;73.92;12.9;11.44;33747.21;-17;0.5;;0;;460.6;31.96;0.5;2.8;1.8;64.24;5.76;77.35;3.96;2.61;12.44;20.07;29.6;19.45;1
Barbados;79.19;15.39;10.64;14935.91;20;0.25;;0;2.6;296.2;9.77;0.3;0.8;1.5;66.7;6.78;83.69;3.84;-0.28;12.46;24.84;59.7;13.99;1
Oman;77.86;14.18;9.73;25944.07;-5;0.05;;0;29;;0.27;0.9;4.8;0.2;64.76;3.85;100.69;8;18.65;12.44;20.03;14.7;9.67;1
Georgia;73.77;15.28;13.13;14428.8;22;7.52;301;134.84;67;239.2;2.22;1.9;12.3;0.4;64.49;7.6;116.87;7.15;-2.5;12.14;71.2;28.9;8.98;1
Costa Rica;80.28;15.65;8.74;18486.37;6;0.21;;0;44;287.4;11.26;2.3;12.8;0.4;69.38;7.33;66.1;4.06;0.85;13.36;28.94;11;12.2;1
Malaysia;76.16;13.68;10.37;27534.1;-11;1.16;;0;430;178.1;2.13;3.6;8.7;0.4;65.65;3.86;123.09;2.39;1.6;12.51;15.36;18.8;11.66;1
Kuwait;75.49;14.25;7.28;58590.08;-51;1.31;;;;147.9;;1.7;2.5;0.1;70.25;5.29;100.49;-0.02;9.75;13.77;26.46;20.4;8.88;1
Serbia;76;14.74;11.19;17191.67;8;;;15.02;100;156.4;1.23;5.2;17.3;0.1;66.33;8.43;112.64;8.33;0.45;12.36;31.13;56.1;14.29;1
Mauritius;74.99;15.06;9.54;25266.21;-10;0.18;;0;;193.1;2.92;2.2;12.5;1.3;65.15;5.72;92.81;2.62;0;13.68;25.33;34;16.2;1
Seychelles;73.4;14.15;9.99;26903.25;-15;0.02;;0;;393.8;12.54;2.1;15;;64.36;5.01;155.25;13.87;-2.07;12.51;21.21;36;14.49;2
Trinidad and Tobago;73.51;12.96;11.03;26230.72;-14;0.31;;0;21;287.7;30.65;4.3;21.9;;65.18;6.98;;-2.95;-0.58;12.95;41.68;30.2;17.58;2
Albania;78.57;14.7;10.15;13998.3;18;15.03;;4.69;22;184.4;2.29;4.3;7;;68.86;;76.73;7.91;-4.85;12.28;12.16;28.9;17.57;2
Cuba;78.8;14.28;11.79;8620.72;45;6.64;;1310.28;91;;5.05;4.1;16.4;0.4;68.43;11.71;27.09;;-1.27;13.01;84.22;53.3;9.16;2
Iran (Islamic Republic of);76.68;14.81;10.35;12446.67;26;129.68;;32.6;710;293.4;2.5;3.1;4.9;0.1;66.83;8.66;48.78;1.13;-0.68;14.06;15.84;15.6;28.52;2
Sri Lanka;76.98;14.11;10.63;12707.37;23;110.36;27;5225.84;300;97.5;2.42;6.2;23.3;0.1;66.95;3.81;52.37;1.82;-4.63;13.4;10.04;41.5;21.74;2
Bosnia and Herzegovina;77.4;13.8;9.82;14871.81;7;16.56;99;0;;84.1;1.17;2.5;10.6;0.1;66.96;8.93;95.88;2.58;-6.43;13;21.62;34.9;16.93;2
Grenada;72.4;16.87;9.03;15640.89;3;0.08;;;;414.4;10.82;1;2.1;;64.03;4.76;110.05;13.16;-1.8;12.67;14.07;35.7;16.35;2
Mexico;75.05;14.81;8.75;19159.84;-8;14.62;345;39.67;;155.6;29.07;2.3;8.2;0.2;65.36;5.52;78.18;2.3;-0.48;13.59;23.83;9.8;26.55;2
Saint Kitts and Nevis;74.76;13.85;8.66;25037.51;-17;0.06;;0;;423.1;;;;;63.11;5.04;122.67;9.26;;12.46;26.76;;13.87;2
Ukraine;72.07;15.07;11.4;13215.94;19;59.85;730;4.03;660;128.3;6.18;4.7;34.5;1;64.62;7;90.17;1.98;0.23;12.48;29.92;74.6;12.98;2
Antigua and Barbuda;77.02;12.77;9.29;20895.36;-15;0.12;;0;;317.7;;0.9;0;;66.62;4.53;90.19;8.39;0;12.67;29.56;28.9;12.41;2
Peru;76.74;14.99;9.7;12252.3;19;2.77;60;190.3;490;284.3;7.91;2.7;7.6;0.3;69.9;5;47.12;2.92;3.12;12.89;13.05;15.9;17.39;2
Thailand;77.15;15.03;7.94;17781.19;-10;0.47;41;22.95;990;527.6;2.58;4.8;21.4;1.1;68.4;3.75;110.3;1.16;0.28;12.78;8.05;;16.64;2
Armenia;75.09;13.07;11.3;13894.01;9;10.97;8.4;0;39;76.8;1.69;2;10.1;0.2;66.64;10.36;91.43;1.86;-1.7;12.01;44.02;41.6;15.42;2
North Macedonia;75.8;13.59;9.81;15864.63;-7;1.79;0.1;0;;108.3;1.2;3;9.7;0.1;65.38;6.06;137.28;3.76;-0.48;12.09;28.74;42.8;14.91;2
Colombia;77.29;14.4;8.47;14256.67;3;80.69;5576;23.87;690;234.6;25.34;2.8;11.5;0.4;69.57;7.23;38.09;4.48;4.16;13.25;21.85;17.1;23.3;2
Brazil;75.88;15.41;7.98;14262.93;1;1.4;;74.31;;344.2;27.38;2.8;9.7;0.5;65.2;9.47;28.98;4.27;0.1;14.04;21.64;20.9;20.22;2
China;76.91;13.98;8.06;16057.4;-11;212.89;;115.9;;110.4;0.53;8.3;7.9;;68.53;5.15;35.68;1.09;-0.25;11.69;19.8;43.1;16.43;2
Ecuador;77.01;14.6;8.91;11043.98;19;1.66;;2.92;280;219.5;5.8;3.8;10.7;0.4;66.74;8.26;46.74;0.9;2.15;12.62;20.37;13.9;24.26;2
Saint Lucia;76.2;14;8.51;14615.57;-4;0.84;;0;;291.2;21.44;2.1;12.7;;65.15;4.55;;1.94;0;13.3;6.41;13;14.74;2
Azerbaijan;73.01;12.89;10.58;13783.68;3;11.05;351;66.52;120;219.7;2.2;1;4.3;;63.01;6.65;86.04;3.13;0.12;11.25;34.46;48.2;15.43;2
Dominican Republic;74.08;14.22;8.12;17591.07;-18;0.55;;196.6;240;245.4;10.05;3.2;17.9;0.9;64.22;6.14;52.96;3.18;-2.84;12.26;15.6;15.6;18.92;2
Moldova (Republic of);71.9;11.53;11.71;13663.61;2;2.43;;0;55;172.5;4.1;3.8;24.1;0.6;65.15;7.01;85.77;4.96;-0.34;12.35;32.07;56.6;17.92;2
Algeria;76.88;14.6;7.99;11173.96;13;4.54;2.5;5.82;450;149.2;1.36;1.8;4.9;0.1;66.3;6.37;52.04;0.87;-0.24;12.99;17.19;19;24.32;2
Lebanon;78.93;11.29;8.72;14654.53;-11;5.82;7;0;31;92.3;2.49;2.2;4.2;0.1;66.04;8.2;63.61;4.79;-4.49;13.84;21.04;27.3;12.48;2
Fiji;67.44;14.43;10.9;13009.07;1;0.59;;0;26;209.4;2.31;2.5;8.8;;59.66;3.5;;5.83;-7.03;12.76;8.6;20;28;2
Dominica;78.21;12.97;8.14;11883.96;7;0.05;;855.58;;267.6;26.59;;;;63.12;5.88;139.79;2.41;;12.72;11.19;;13.08;2
Maldives;78.92;12.2;7.02;17416.78;-24;0.08;;0;;373.4;0.72;1.6;3.6;;69.11;9.03;135.74;10.11;22.84;12.59;45.63;43;10.16;2
Tunisia;76.7;15.13;7.22;10414.06;14;2.07;0;0;110;194.6;;2.2;4.4;0.1;67.44;7.23;110.54;2.49;-0.35;13.23;13.03;21.8;16.87;2
Saint Vincent and the Grenadines;72.53;14.09;8.78;12377.65;0;0.98;;500;;426.4;36.54;0.9;3.9;;63.64;4.49;85.2;13.56;-1.82;12.76;6.65;43.2;14.39;2
Suriname;71.68;13.19;9.26;14324.38;-13;0.02;;;14;192;5.43;10.9;36.1;1.4;62.93;6.23;90.96;1.83;-1.75;13.45;12.1;30;13.39;2
Mongolia;69.87;14.21;10.25;10838.67;7;2.37;;0;73;151.5;6.18;3.8;23.3;0.1;60.44;4;125.76;17.64;-0.27;11.23;28.59;80;30.38;2
Botswana;69.59;12.85;9.56;16437.14;-27;0.23;;0;100;197;;5.7;18.3;20.3;54.06;6.13;74.11;1.23;1.34;13.15;5.27;18;23.71;2
Jamaica;74.48;13.14;9.73;9319.13;13;2.54;;0;48;132;43.85;0.9;3.2;1.9;66.51;5.99;89.03;4.93;-3.87;12.77;13.06;17.2;24.79;2
Jordan;74.53;11.38;10.52;9858.49;8;2.4;;0;;160.4;1.36;2.7;4.7;0.1;67.97;8.12;87.62;2.25;1.05;13.12;23.24;14.7;18.54;2
Paraguay;74.25;12.71;8.54;12223.94;-4;0.09;;27.54;130;210.3;7.14;6.2;12.3;0.5;66.45;6.65;69.16;1.02;-2.4;13.26;13.54;8.3;24.16;2
Tonga;70.91;14.41;11.24;6364.58;25;0.03;;0;;174.3;;2.9;5.2;;63.91;5.27;98.22;3.34;-7.75;12.43;5.4;;21.63;2
Libya;72.91;12.85;7.6;15687.71;-29;16.04;451;0;99;97.2;;2.3;8.7;0.2;65.32;;118.32;0;-0.3;13.98;20.91;32;;2
Uzbekistan;71.73;12.06;11.81;7141.95;17;3.23;;0;520;144.3;1.14;4.6;10.3;0.2;60.88;6.41;73.02;3.95;-0.28;11.05;23.74;39.8;21.51;2
Bolivia (Plurinational State of);71.51;14.2;9.02;8553.78;9;0.52;0;43.32;280;160.3;6.22;8.9;16.9;0.3;63.11;6.44;56.4;-0.39;-0.84;12.37;15.9;12.9;17.8;2
Indonesia;71.72;13.61;8.17;11459.1;-4;11.09;40;40.38;;95.7;0.43;2.2;5.2;0.4;62.55;2.99;37.3;2.2;-0.37;12.38;4.27;10.4;17.03;2
Philippines;71.23;13.15;9.39;9777.8;4;0.54;182;393.91;2620;182.5;6.46;2.3;5.2;0.1;62.73;4.45;68.61;2.03;-0.63;12.68;6;9.9;29.08;2
Belize;74.62;13.11;9.92;6381.6;18;0.07;;;;344.9;37.79;2;9.9;1.9;65.06;5.64;115.71;6.39;3.16;12.63;11.23;10.4;19.78;2
Samoa;73.32;12.73;10.78;6308.65;19;0;;0;;205.1;3.15;2.2;8.7;;61.82;5.48;91.12;2.04;-14.3;12.3;3.45;10;30.24;2
Turkmenistan;68.19;11.19;10.27;14908.67;-32;0.48;;0;;528.9;;3.7;11;;62.87;6.93;35.16;4.87;-0.86;11.21;22.25;40.3;;2
Venezuela (Bolivarian Republic of);72.06;12.82;10.31;7044.64;11;93.29;;6.23;560;194.2;36.69;1.2;6.6;;65.44;1.18;48.09;0.24;-22.33;12.81;;8.7;;2
South Africa;64.13;13.79;10.24;12129.23;-14;0.45;0.3;15.84;3270;284;36.4;5.1;21.7;20.4;56.18;8.11;59.2;1.32;2.54;13.77;9.05;23;30.33;2
"Palestine State of";74.05;13.41;9.17;6417.39;12;96.34;243;10.22;;22.2;0.49;;;;64.42;;79.6;1.8;-2.19;13.89;;;24.45;2
Egypt;71.99;13.33;7.43;11466.15;-14;27.52;65;0;1760;112.2;;1.7;7.2;0.1;62.47;5.29;48.28;2.97;-0.39;11.98;4.52;14.3;23.68;2
Marshall Islands;74.11;12.39;10.89;5039.04;21;0.01;;0;;61.4;;;;;57.38;16.4;125.73;4.41;;12.39;4.23;;;2
Viet Nam;75.4;12.69;8.32;7432.71;3;316.44;;414.76;1330;137.4;;3.4;10.8;0.3;65.74;5.53;210.4;6.32;-0.84;11.71;8.28;31.8;20.28;2
Gabon;66.47;12.98;8.7;13929.81;-30;0.44;;38.76;80;173.2;;4.3;15;3.8;58.82;2.78;72.94;5.02;1.56;13.26;6.82;13;24.53;2
Kyrgyzstan;71.45;12.97;11.1;4864.39;23;2.97;;82.98;140;177.1;2.19;3.7;14.8;0.2;64.93;6.19;103.09;1.74;-0.64;11.56;22.13;44.1;24.99;3
Morocco;76.68;13.72;5.65;7368.36;1;4.65;;0;350;232.5;1.42;3.6;2.5;0.1;63.83;5.25;87.46;1.35;-1.44;12.98;7.31;10;26.8;3
Guyana;69.91;11.43;8.49;9455.01;-10;0.29;;0;24;275.2;14.25;14.2;46.6;1.4;58.37;4.95;79.08;30.43;-7.72;13.28;8.02;17.1;23.16;3
Iraq;70.6;11.27;7.32;10800.84;-16;343.85;1555;5.31;;105;10.07;3.4;4.7;;63.38;4.17;76.37;-1.29;0.21;13.49;7.08;13.2;16.96;3
El Salvador;73.32;11.69;6.91;8359.12;-6;41.85;;257.59;170;617.4;52.02;4.3;24.8;0.6;65.53;7.23;77.18;2.68;-6.33;13.45;15.66;12;26.89;3
Tajikistan;71.1;11.66;10.73;3953.6;25;2;;17.09;180;;;1.7;5;0.2;61.84;7.23;56.64;2.62;-2.22;11.1;21.03;46.7;22.3;3
Cabo Verde;72.98;12.7;6.29;7019.17;-1;0.01;;0;8.4;288.1;6.8;7.7;24.1;0.6;64.62;5.17;116.21;5.31;-2.48;12.37;7.81;21;21.07;3
Guatemala;74.3;10.75;6.62;8494.09;-10;22.77;242;353.49;410;140.9;22.5;1.7;4.4;0.4;62.91;5.81;45.87;1.26;-0.54;13.32;3.55;4.4;20.26;3
Nicaragua;74.49;12.32;6.91;5283.66;6;4.38;;2.22;110;323.5;7.19;5;19.2;0.2;65.78;8.65;95.08;2.75;-3.31;12.74;9.78;9.3;30.22;3
Bhutan;71.78;12.98;4.07;10745.84;-21;6.99;;0;;155.6;1.19;8.9;13.8;0.3;63.23;3.19;86.71;0.11;0.43;13.58;4.24;17.4;34.67;3
Namibia;63.71;12.63;6.99;9356.67;-17;0.46;;;140;313.8;;4.9;19.4;11.8;56.77;8.55;83.48;-0.1;-1.98;12.96;4.18;27;25.09;3
India;69.66;12.16;6.5;6681.35;-5;11.99;470;296.65;;32.7;3.08;14.5;18.5;;60.52;3.53;40.02;1.76;-0.4;14.48;8.57;5.3;32.75;3
Honduras;75.27;10.06;6.57;5308.45;1;26.37;247;81.71;200;216.2;38.93;1.7;5.3;0.3;63.02;7.86;96.61;3.81;-0.72;12.55;3.09;6.4;25.6;3
Bangladesh;72.59;11.6;6.22;4976.21;7;22.87;427;116.51;;51.6;2.37;6.7;5.5;0.1;64.53;2.27;36.76;0.53;-2.3;13.44;5.81;7.9;30.05;3
Kiribati;68.37;11.8;7.98;4259.73;12;0;;0;;114.2;;5.4;25.9;;53.54;10.76;98.39;-0.58;-6.94;11.87;2.04;18.6;25.49;3
Sao Tome and Principe;70.39;12.69;6.44;3952.07;16;0.03;;;;119.9;;2.1;4.2;;62.28;6.23;;5.61;-8.03;12.2;0.53;29;31.16;3
Micronesia (Federated States of);67.88;11.55;7.8;3982.74;13;;;0;;123.4;;6.2;16.2;;56.68;12.35;100.85;6.33;-5.36;11.62;1.77;;19.71;3
Lao People's Democratic Republic;67.92;10.99;5.29;7413.33;-16;6.75;;0.62;180;121.7;;6.1;12.9;0.3;60.71;2.53;75.09;7.35;-2.1;11.98;3.73;15;22.34;3
Eswatini (Kingdom of);60.19;11.84;6.86;7919.06;-19;0.22;;0;120;304;11.56;9.6;25.4;27.3;50.61;6.93;84.41;2.9;-7.38;13.13;3.29;21;26.6;3
Ghana;64.07;11.48;7.31;5268.92;-3;18.44;0.2;16.68;1080;48.6;2.09;2.9;15.8;1.7;58.22;3.26;71.38;4.56;-0.34;12.2;1.36;9;26.99;3
Vanuatu;70.47;11.73;7.06;3104.8;20;0;;0;;69.1;;2.7;8.1;;57.6;3.32;97.95;4.15;0.42;12;1.65;;26.57;3
Timor-Leste;69.5;12.62;4.79;4440.46;3;0.02;;154.3;31;54.8;4.1;3.7;9;;61.65;3.88;63.01;4.46;-4.28;12.68;7.22;59;26.95;3
Nepal;70.78;12.76;5.01;3456.71;13;8.19;0;14.36;590;68.3;2.3;8;11.4;0.1;61.51;5.55;54.93;0.23;1.49;13.46;7.49;3;19.74;3
Kenya;66.7;11.34;6.56;4243.63;5;8.02;162;11.91;2080;101.6;4.93;2.1;9.7;4.7;58.25;4.8;33.4;1.85;-0.2;12.42;1.57;14;30.65;3
Cambodia;69.82;11.47;4.97;4246.18;3;11.93;;344.81;420;190.8;;3.2;9;0.5;61.2;5.92;123.56;13.68;-1.86;12.44;1.93;9;41.7;3
Equatorial Guinea;58.74;9.73;5.91;13944.13;-57;0.17;;;69;42.8;;10.8;31.3;7.1;57.21;3.11;107.38;2.98;12.44;13.29;4.02;21;23.23;3
Zambia;63.89;11.48;7.15;3325.52;10;0.28;;118.57;1100;148.3;5.37;6.2;17.5;11.3;55.08;4.47;70.04;2.09;-0.47;12.82;11.87;20;42.06;3
Myanmar;67.13;10.67;5.03;4960.53;-6;1030.77;457;31.74;1400;171.3;2.26;9.8;6.3;0.8;60.85;4.66;60.69;1.7;-3.05;12.4;6.77;10.4;24.36;3
Angola;61.15;11.78;5.17;6104.05;-17;8.19;;334.57;1520;79.4;;4.6;14;2;56.75;2.79;66.38;-4.33;0.21;12.8;2.15;;50.03;3
Congo;64.57;11.73;6.52;2879.19;13;13.48;134;143.52;250;26.2;;5;13.9;2.6;57.02;2.93;112.25;36.98;-0.77;12.86;1.65;;44.44;3
Zimbabwe;61.49;10.97;8.47;2665.61;14;10.62;;89.53;810;137.1;;11.1;29.1;12.7;53.56;6.64;50.01;3.06;-8.15;12.25;2.1;17;36.41;3
Solomon Islands;73;10.22;5.71;2253.35;17;0.03;;152.77;;75;;3.2;8.5;;52.73;4.68;98.39;2.12;-2.48;10.93;1.94;14;25.41;3
Syrian Arab Republic;72.7;8.85;5.1;3613.05;2;6599.25;6495;0;450;;0.88;1.1;3.8;0.1;63.89;;;;-24.08;13.52;12.87;14;;3
Cameroon;59.29;12.1;6.31;3580.9;1;66.3;969;139.83;1380;129.6;1.39;12.5;26.9;3.6;55.43;4.67;40.55;1.98;-0.19;12.5;0.88;13;44.83;3
Pakistan;67.27;8.28;5.16;5005.03;-15;137.18;106;65.64;4480;39.4;3.88;3.1;3;0.1;57.2;2.9;30.44;0.8;-1.11;13.15;9.8;6.3;44.08;3
Papua New Guinea;64.5;10.2;4.66;4301.1;-10;0.48;14;4;280;59.1;;3.8;10.2;0.8;56.36;2.47;;4.85;-0.09;12.85;0.7;;35.52;3
Comoros;64.32;11.24;5.08;3099.45;5;0.66;;0;28;27;;5.4;17.6;0.1;60.34;7.38;43.09;0.58;-2.43;12.2;2.72;21.6;28.06;3
Mauritania;64.93;8.59;4.73;5134.57;-21;37.43;;53.16;110;46.1;;3.6;12.1;0.2;62.17;4.4;94.22;1;1.15;12.17;1.87;;34.28;4
Benin;61.77;12.61;3.83;3254.25;0;0.72;3.7;1345.48;490;69.8;1.13;9.6;22.6;1;56.64;3.72;63.68;0.99;-0.18;12.17;0.79;5;39.2;4
Uganda;63.37;11.41;6.17;2123.27;15;7.49;32;12.08;2360;118.8;10.52;18.7;21.2;5.7;57.75;6.19;46.02;3.68;4.02;12.79;1.68;5;42.66;4
Rwanda;69.02;11.19;4.42;2155.33;12;246.71;;85.59;400;509.1;2.58;6;16.9;2.5;59.83;6.57;53.66;3.13;-0.74;12.84;1.34;;59.51;4
Nigeria;54.69;9.98;6.66;4910.21;-19;295.59;2583;6.68;10900;36.5;34.52;17.1;17.5;1.5;56.04;3.76;33.01;0.5;-0.31;12.9;3.81;;37.55;4
Côte d'Ivoire;57.78;9.95;5.29;5068.61;-25;39.38;303;39.97;1570;66;;13;32;2.6;56.19;4.45;45.6;1.07;-0.32;12.54;2.31;;41.82;4
Tanzania (United Republic of);65.46;8.1;6.12;2599.85;2;0.87;;46.57;2790;66.8;6.48;5.4;14.3;4.6;58.73;3.65;32.24;1.82;-0.72;12.59;0.14;7;50.63;4
Madagascar;67.04;10.17;6.1;1596.28;16;0.3;3;930.04;900;94.9;;3.6;10.5;0.3;57.6;5.5;59.82;4.42;-0.06;12.04;1.81;2;39.81;4
Lesotho;54.33;11.32;6.54;3150.62;-6;0.01;;115.37;160;101.5;43.56;32.6;22.7;23.6;45.24;8.76;134.62;4.78;-4.78;12.62;0.69;;32.95;4
Djibouti;67.11;6.79;4.1;5689.35;-34;2.35;;0;33;69;;5.3;11.9;1.2;58.94;3.32;298.27;5.64;0.95;11.8;2.24;14;29.37;4
Togo;61.04;12.66;4.95;1602.35;12;8.03;2;0;360;64.8;;10.9;22.7;2.3;57.01;6.2;71.24;-3.38;-0.26;12.34;0.77;7;40.15;4
Senegal;67.94;8.58;3.18;3309.39;-11;17.22;8.4;0;500;78.8;0.27;5.2;20.3;0.4;59.86;4.13;60.51;3.65;-1.28;12.57;0.69;3;36.32;4
Afghanistan;64.83;10.18;3.93;2229.36;0;2721.48;2993;221.85;1340;82.7;6.66;2.1;10.6;0.1;54.11;11.78;45.62;0.12;-1.72;14.55;2.78;3.9;48.79;4
Haiti;64;9.7;5.59;1708.81;7;26.75;2.1;709.63;400;79.9;6.68;6.4;18.3;2;55.43;8.04;74.31;1.09;-3.17;13.11;2.34;7.1;;4
Sudan;65.31;7.88;3.77;3828.66;-18;732.84;2134;374.37;1520;51.5;;4.6;14.5;0.2;61.42;6.34;26.72;4.36;-1.21;12.86;2.62;7.4;38.38;4
Gambia;62.05;9.91;3.92;2167.88;-1;17.83;;0;100;55.4;;7.3;12.8;1.9;58.32;3.28;65.48;2.03;-1.37;12.62;1.02;11;36.14;4
Ethiopia;66.6;8.81;2.88;2206.53;-3;95.69;1414;0.92;3090;115.9;;4.7;18.7;1;60.22;3.5;28.74;3.99;0.28;12.53;0.77;3.3;55.07;4
Malawi;64.26;11.24;4.73;1034.68;13;0.61;0.2;132;1170;76.8;;3.2;13.7;9.2;56.58;9.65;66.6;1.48;-0.9;12.56;0.36;13;58.68;4
Congo (Democratic Republic of the);60.68;9.73;6.76;1062.54;11;807.17;5512;48.34;4460;27;;4.9;15;0.8;56.34;3.98;67.29;2.74;0.29;13.39;0.74;;33.2;4
Guinea-Bissau;58.32;10.62;3.56;1996.04;1;2.09;;0;110;32.6;1.15;6.1;8.9;3.5;53.61;7.24;57.01;1.41;-0.76;12.04;1.27;10;51.93;4
Liberia;64.1;9.58;4.81;1258.41;8;5.4;;0;200;50.3;;13;13.8;1.3;56.89;8.16;127.45;3.96;-1.05;13.95;0.38;8;22.32;4
Guinea;61.6;9.41;2.77;2405.18;-12;26.86;;32.34;530;26.5;;8.4;12.7;1.4;53.87;4.12;108.72;2.89;-0.33;12.04;0.83;3;47.15;4
Yemen;66.13;8.77;3.2;1593.7;2;36.53;3635;3.52;930;54.2;6.77;6.2;13.4;0.1;58.59;4.23;;-1.02;-1.07;13.52;5.25;7.1;26.93;4
Eritrea;66.32;5.01;3.9;2793.48;-17;493.12;;0;140;;;6.1;22.4;0.7;55.86;2.87;47.39;1.89;-11.57;12.44;0.63;7;38.74;4
Mozambique;60.85;9.97;3.54;1250.41;3;0.08;110;292.91;2510;63.5;;4.1;14;12.6;50.8;4.94;112.15;18.2;-0.17;12.99;0.84;7;55.27;4
Burkina Faso;61.58;9.27;1.64;2132.96;-9;11.74;560;144.43;840;41.1;1.25;9.1;22.4;0.7;54.16;6.92;60.18;1.66;-1.28;12.18;0.85;4;39.72;4
Sierra Leone;54.7;10.18;3.7;1667.84;-4;5.27;5.5;29.2;480;59.1;1.73;14.2;18.2;1.5;54.06;13.42;56.7;5.33;-0.55;12.49;0.25;;27.52;4
Mali;59.31;7.46;2.35;2268.77;-17;164.48;208;0;860;30.8;;4.7;13.5;1.4;54.26;3.79;57.19;2.72;-2.12;12.24;1.29;1;37.83;4
Burundi;61.58;11.07;3.29;753.91;4;381.52;23;162.44;640;98.3;6.05;7.7;23.1;1;55.5;7.52;41.86;0.03;0.18;13.05;1;7.9;42.52;4
South Sudan;57.85;5.3;4.8;2003.32;-10;2234.79;1352;;750;60.7;;4.1;8.3;2.5;54.6;9.76;65.55;0;-15.9;14.34;;;46.75;4
Chad;54.24;7.35;2.52;1555.37;-5;11.2;176;38.47;1030;56.2;;13.8;17.1;1.3;52.85;4.49;74.57;5.89;0.13;12.47;0.43;;56.89;4
Central African Republic;53.28;7.57;4.28;993.01;0;610.22;592;377.65;370;17;20.12;6;18;3.6;45.71;5.82;66.14;0.81;-8.58;12.68;0.72;10;83.41;4
Niger;62.42;6.47;2.08;1200.9;-4;3.08;195;177.33;1030;42.6;;6.7;11.5;0.3;55.06;7.74;39.71;3.63;0.18;11.92;0.43;3.9;36.34;4
